// Tree
digraph {
	"[(20, 27), 0, 6, 28, 30, 10]"
	"[(5, 15), 1, 3, 20, 20, 10]"
	"[(25, 36), 1, 2, 20, 30, 20]"
	"[(9, 10), 0, 1, 12, 12, 12]"
	"[(12, 34), 0, 1, 10, 10, 10]"
	"[(30, 20), 0, 1, 30, 30, 30]"
	"[(20, 27), 0, 6, 28, 30, 10]" -> "[(5, 15), 1, 3, 20, 20, 10]"
	"[(20, 27), 0, 6, 28, 30, 10]" -> "[(25, 36), 1, 2, 20, 30, 20]"
	"[(5, 15), 1, 3, 20, 20, 10]" -> "[(9, 10), 0, 1, 12, 12, 12]"
	"[(5, 15), 1, 3, 20, 20, 10]" -> "[(12, 34), 0, 1, 10, 10, 10]"
	"[(25, 36), 1, 2, 20, 30, 20]" -> "[(30, 20), 0, 1, 30, 30, 30]"
}
